function [clevs des_color]=CWBRainColor()
% set the same colorbar with CWB 
%clevs=[1 2 6 10 15 20 30 40 50 70 90 110 130 150 200 300];
des_color=[200 200 200;193 255 255;0 194 210;43 143 198;0 103 206;...
    0 140 70;0 234 58;255 255 0; 255 199 30;231 151 3;242 0 0;...
    181 0 0;117 0 0;130 0 130;170 0 170;240 0 240;255 172 255];
